Chaz Neeler  Dijkstra's Algorithm Completed Graph
Given graph of size:  15.  Total number of nodes compared: 225
Dijkstra's Algorithm was completed in: 4580 nanoseconds.

Completed graph

0 3000 3300 5800 4700 1500 2800 2300 3500 7000 2000 2500 2600 3000 3800 
3000 0 5000 7400 6300 2200 2200 2500 5100 8500 2700 4000 4600 4700 4200 
3300 5000 0 5100 2850 2900 3300 2900 750 5700 4500 2500 800 300 2100 
5800 7400 5100 0 2400 5400 6200 5700 4400 1900 7100 4300 4700 4800 6700 
4700 6300 2850 2400 0 4200 4900 4400 2100 4000 5700 3200 2400 2700 4600 
1500 2200 2900 5400 4200 0 1300 800 3200 6600 2200 1900 2400 2800 2300 
2800 2200 3300 6200 4900 1300 0 600 3600 7400 3400 3200 3000 3200 2800 
2300 2500 2900 5700 4400 800 600 0 3400 6800 2900 2700 2500 2900 2200 
3500 5100 750 4400 2100 3200 3600 3400 0 5500 4800 2600 900 1050 2500 
7000 8500 5700 1900 4000 6600 7400 6800 5500 0 7700 4900 5200 5400 7300 
2000 2700 4500 7100 5700 2200 3400 2900 4800 7700 0 3000 4100 4500 4500 
2500 4000 2500 4300 3200 1900 3200 2700 2600 4900 3000 0 1700 2200 4100 
2600 4600 800 4700 2400 2400 3000 2500 900 5200 4100 1700 0 500 2400 
3000 4700 300 4800 2650 2800 3200 2900 550 5400 4500 2200 500 0 1900 
3800 4200 2100 6700 4550 2300 2800 2200 2450 7300 4500 4100 2400 1900 0 
